160 100
  36  36  38  38  37  37  37  36  36  37  37  40  41  41  45  46  45  45  47  45  44  47  45  47  53  48  48  52  51  53  53  57  54  54  54  50  60  63  66  60  63  63  62  63  62  61  67  65  64  66  68  70  72  71  73  71  74  76  66  76  79  81  79  82  84  92  94  84  83  83  82  92  77  82  88  91  90  93  93  93  92  93  92  99  96 102 101 104 106 104 114 109 119 105 105 101 100 104 106 109 107 111 109 113 114  92 104 118 115 118 123 123 124 121 119 122 125 123 124 126 127 125 127 145 130 131 138 124 162 166 167 164 164 165 166 163 163 164 164 164 162 165 165 161 163 164 163 163 164 162 162 164 162 163 164 163 161 162 165 163
  35  36  37  37  35  40  40  35  38  38  37  40  41  44  47  47  43  44  44  46  46  46  46  50  40  47  49  51  52  55  57  52  51  56  57  60  67  62  60  65  53  64  62  64  64  64  66  66  67  67  69  69  73  72  72  74  76  69  73  77  79  80  80  85  90  92  84  82  80  81  85  84  92  86  85  91  91  94  94  92  91  94  92  92  95  94  96 104 111 110  82 106 121 107 103 102 102 102 106 105 110 110 112 111 113 116 109 106 116 117 123 123 124 124 121 133 140 123 124 127 128 124 136 137 126 134 136 126 165 166 166 164 165 164 162 163 164 163 163 164 163 163 160 163 163 162 163 163 161 163 163 168 166 163 164 163 163 164 163 166
  39  35  36  40  39  37  37  37  38  38  39  44  41  45  48  48  47  51  48  43  45  45  50  44  48  47  48  52  55  56  57  54  54  54  58  63  71  60  61  64  61  55  62  64  70  65  64  64  67  67  72  69  71  71  72  78  74  70  77  73  76  78  82  86  93  91  81  80  82  84  81  85  84  91  90  89  91  98  96  89  92 103  97  93  97  98  95 101 105  87 105 107 113 113 107 105 105 106 105 103 105 110 112 110 110 112 118 112 126 125 121 122 127 128 136 136 126 122 124 127 125 126 139 125 129 134 135 133 145 167 161 164 164 166 164 163 163 163 165 163 165 164 160 162 164 164 163 165 163 162 170 164 167 168 164 165 160 163 161 164
  40  36  35  37  38  39  37  39  37  37  40   3  33  42  39  36  39  34  40  47  46  51  49  47  46  46  52  51  53  54  54  53  54  58  59  64  69  59  60  62  65  64  58  70  52  55  65  56  49  56  47  52  75  74  79  75  68  76  69  71  77  82  84  94  92  83  81  84  82  83  82  81  81  90  98  97  94  78  83 101 110  82  87  85  89  98  99 101  78 101 105 110 118 118 111 108 110 106 102 105 114 110 113 113 111 114 116 120 116 146 130 119 145 139 141 132 113 116 130 120 128 136 120 130 132 135 133 132 144 170 164 167 167 165 168 164 165 165 167 166 163 170 169 163 163 168 167 165 166 168 164 181 158 161 164 166 163 166 167 167
  40  39  35  35  34  36  38  37  40  39   3  95  74  37  83  86  77 109  70  28  52  49  43  46  47  48  49  49  49  50  56  56  55  59  59  68  65  63  59  60  58  60  60  17 111  96  58  89 109  99 123 105  38  76  69  67  77  70  74  80  85  89  92  90  84  84  80  82  82  81  80  83  85  83  84  95 128 139 121 130 120 130 114 139 120  67  94  89  97 107 106 119 125 116 115 113 112 104 100 106 106 111 112 114 114 116 114 105 134 132 177 185 163 154 161 132 169 160  87 131 136 120 127 129 132 133 133 127 159 165 168 168 169 167 168 166 169 165 170 169 170 168 166 166 167 166 169 165 170 161 188 182 122 143 176 164 165 168 170 168
  44  42  40  39  37  37  40  41  39  26 143 178 158  40  64  60  65  85  49  32  39  39  46  45  47  49  49  48  49  50  51  51  58  60  61  62  58  61  59  55  47  47  50 121 186 177  92  66  76  81  98  67  41  52  63  75  70  76  84  86  84  82  87  82  82  83  79  79  80  84  80  85  81  71  73  65 126 203 205 105  76  91  93 119  87  51  55  81 107 103 106 121 120 110 110 107 105 105 107 106 103 114 113 110 115 106  88  77 111 178 217 225 184 103  99 100 133 109  29 107 111 129 128 131 129 134 133 138 171 164 173 171 170 170 172 171 171 170 173 172 171 168 171 170 171 171 173 170 163 182 180 177 155 112 174 169 172 173 172 170
  46  47  43  40  41  39  38  36  43  24 118 148  93  61  55  67  68  56  58  47  50  44  49  48  46  47  49  49  49  48  54  60  61  60  58  52  55  59  50  44  46  49  46  91 142 107  73  62  75  77  67  69  64  53  53  71  76  84  86  84  79  77  80  82  81  84  79  81  86  86  81  78  64  66  73  66 132 156 169 113  69  90  94  85  91  71  53  64  96 105 105 121 121 104 105 106 100 103 106 107 108 112 112 110 104  85  83 102 127 146 203 182 160 115  95 122 113  98  88  72  75 116 127 129 129 135 131 138 163 169 171 173 173 170 172 173 172 173 172 175 171 172 172 174 171 172 170 175 169 160 151 167 156 108 169 171 171 174 172 175
  46  45  42  40  39  38  37  35  41  42  12  25  50  65  93 110  95  76  53  65  56  35  45  47  48  49  47  50  48  54  59  62  62  53  54  58  57  58  49  45  47  51  49  15  50  64  72 102 137 104  92  75  76  67  43  70  84  86  84  80  78  81  81  79  85  86  83  85  87  81  83  75  63  67  74  97  83  41  81 119 124 149 153 115  86  95  78  59  98 103 103 114 117  99 107 104 100 102 106 106 108 110 107 115  97  81  85 108 110  97 141 134 121 149 171 154 146  92 107 106  56  96 132 127 129 129 132 134 127 139 177 176 178 177 177 178 176 175 175 171 171 167 174 177 177 177 177 178 179  86 143 160 135  85 136 179 175 177 178 178
  45  42  40  40  35  37  36  42  42  52  72  68  66  79  91  92  91  86  67  53  56  50  47  47  46  50  49  50  55  59  54  54  57  55  54  57  59  59  53  49  50  56  58  83  77  74  94 106 116 103  92  87  69  69  63  72  81  78  75  73  78  80  80  82  86  84  89  92  88  80  84  77  64  72  89  71  83  89  88 104 139 143 141 105  83  91  75  81  97 101 105 110 113 103 106 102 101 103 105 105 107 109 107 109 102  80 100 117  99 115  85 104 125 152 152 152 146 125  92  98  78 111 139 134 138 136 131 134 138 130 159 176 177 178 178 178 178 178 169 165 150 170 175 179 183 179 176 178 164  39 137 144 119  66  94 178 178 178 178 178
  40  40  40  40  36  38  41  48  56  70  55  69  62  78  85  85  82  76  55  51  47  48  51  50  50  50  53  57  57  53  53  54  55  52  53  59  59  61  49  53  69  71  70  62  81  71  89  97 100  93  89  85  73  52  54  80  80  69  72  78  80  81  83  89  86  80  83  85  79  79  83  80  67  81  90  93  62  69  87 110 113 129 123  93  91  90  73  65  98 101 104 115 123 111 106 105 106 106 105 103 105 107 109 109 100 102 115 126 109  82  89  97 116 140 147 145 131 112  88  87  65 111 140 139 142 142 139 131 134 137 126 167 176 178 178 178 178 172  76 141 155 154 129 104 144 178 186 185 100  49 163 137  86  45 157 182 177 178 177 176
  40  40  41  42  37  39  43  52  55  28  36  65  61  72  83  87  85  57  52  58  42  32  48  48  49  52  55  53  52  53  55  53  53  57  55  57  59  59  49  56  83  76  37  37  71  71  83  97  93  88  78  78  70  57  42  78  78  75  79  80  86  86  89  85  82  81  82  86  83  80  84  77  74  85 102  68  34  69  89  98 111 109 113  96  90  86  74  55  98 101 105 118 127 121 105 104 100 102 105 105 105 104 106 112 100 108 125 131  78  26  80 102 114 130 144 143 119  78  93  93  54  97 140 135 127 136 142 137 131 136 134 133 173 171 179 177 180 183 145  84 135 149 141 124  22  60 119 140  61 170 203 131  59  45  70 161 181 178 182 182
  40  41  44  46  40  39  41  49  53  41  46  61  62  69  76  79  79  68  66  65  53  38  45  48  46  46  49  51  54  53  51  54  55  52  55  56  54  59  54  59  67  64  49  52  71  74  86  95  94  85  85  79  78  61  49  79  76  81  77  76  79  83  82  79  84  83  83  85  85  82  84  78  68  78 101  74  53  66  92 107 109 106 106  91  86  89  61  60  99 102 105 110 124 126 110 105 101 100 100 105 105 106 109 112 102  85 104 120  84  69  75 102 112 125 145 125 102  83  96  96  65  98 140 134 133 134 138 141 134 135 134 132 136 181 177 173 186 183 182 142  97 129 137 155 161 145 123  82 115 218 182  83  27  45  10 140 185 182 183 180
  40  40  43  47  46  39  37  42  44  32  49  56  57  79  87  75  57  67  57  54  49  33  46  47  46  48  50  53  51  53  55  55  56  56  56  60  64  65  64  57  54  62  45  60  69  67  90 104  92  74  91  80  64  61  51  81  79  73  74  78  79  79  82  81  82  83  82  84  85  86  84  76  64  69  84  61  53  68  80 102 118 108  95  87  91  86  71  55 100 105 105 109 122 134 123 112 106 104 103 103 105 106 113 115  99  81  87  95  72  69  80  90 123 154 145 118  89  91  81  88  48  98 131 129 131 134 135 135 139 132 134 136 134 146 184 187 189 187 186 187 123  44 106 128 161 198 227 213 178 176 124  40  41  42  11 148 194 186 186 189
  40  40  40  43  40  38  37  37  38  26  26  58  80  82  75  66  54  51  53  55  43  24  45  47  49  49  45  49  53  54  54  57  59  65  62  62  68  68  61  54  52  55  42  22  64  96  98  86  79  73  72  68  72  67  38  74  78  74  75  79  78  80  81  80  81  84  83  83  85  86  84  75  66  69  74  61   6  66 105 110 101  94  94  89  88  90  87  47  97 103 104 101 118 121 112 106 110 109 105 104 104 106 109 114  98  84  83  87  75  29  69 129 150 122 132 113  89  86  97 113  28  93 132 128 133 134 136 138 140 131 135 135 137 131 175 196 192 194 194 195 188 124  83  73  89 104 136 164 151 172 121  12   9  32  12 156 199 192 196 194
  40  40  40  40  38  37  37  35  39  39  17  48  74  79  75  64  62  54  63  88  60  31  47  47  47  47  49  50  56  59  60  58  56  55  57  59  59  59  51  42  46  52  53  42  61  88  87  81  75  65  53  52  72  61  28  64  65  74  80  84  87  82  83  83  82  82  82  81  85  85  84  77  66  67  73  71  33  39  98 114 104  94  82  88  93  93  83  72  95  99  99 101 115 118 118 101 106 112 110 110 106 104 103 108 100  85  82  88  87  42  53 112 146 168 142  85  89  91 137 111  78 113 131 128 131 133 140 142 132 131 132 132 138 137 144 194 194 194 194 193 194 197 171  57  30  17   0  26 108 193 192 153  87  43 125 194 194 192 192 194
  40  40  41  39  38  38  34  37  37  35  43  39  31  57  55  41  47  45  47  52  44  47  47  47  48  48  50  51  59  57  51  51  52  48  48  55  60  60  66  70  43  35  36   0   0  48  92  96  86  84  86  97 102  95  95  97  97  74  32  26  29  59  79  80  86  86  83  83  81  85  81  82  80  70  73  77  69  58  38  70  76  57  52  63  60  74  80  92  96  99 101 102 117 120 123 114 101 104 109 111 114 116 113 109 110 104  89  87  88  96  78   8 115 141 103  51  59  68  68 104 123 131 125 130 133 138 139 140 129 131 132 134 138 139 135 178 195 192 194 194 192 197 164  22  22  46  50  30  71 189 194 200 191 188 194 196 193 190 193 194
  40  42  41  38  35  39  37  37  37  39  42  38  36  41  37  38  48  42  28  37  42  37  47  47  46  48  49  56  51  49  48  53  56  54  56  64  68  48  38  16  59  86 122 170 191 225 239 237 239 239 240 236 233 235 239 239 242 225 197 189 188 145  94  84  37  58  82  88  87  86  81  81  87  83  73  83  79  72  68  66  65  68  84  76  65  79 108  90  97  99 104  99 112 115 113 114 104  99 103 106 113 124 124 119 112 116 114  97  99 105  99  97 102  65 105 120  96  89  96 125 106 115 133 128 145 146 140 139 130 134 133 135 136 141 133 171 197 192 194 192 195 192 190 155 103  14  11   8  68 192 193 191 193 194 192 191 194 194 193 193
  40  40  40  38  38  40  41  40  39  40  36  39  42  42  45  46  43  44  47  45  46  49  42  51  48  46  57  60  48  49  54  56  61  62  42  27  10  78 127 171 219 236 239 245 247 241 239 240 237 240 239 236 238 242 241 245 244 246 249 252 252 239 225 217 185 152  82  45  62  80  85  83  83  86  90  95  87  90  93  95  95  93  94  97  98  99 100 105  92 101 102 101 108 115 113 114 109 102 108 112 119 124 123 123 118 112 113 119 119 105 130 130 121 127 125 133 132 130 130 127 135 123 115 138 155 139 132 130 131 134 135 134 135 140 137 151 199 196 194 195 199 195 197 204 199 179 111 107 181 199 198 196 197 196 197 197 198 200 196 195
  40  40  40  40  41  40  44  43  37  36  38  39  42  44  49  47  41  39  42  45  46  49  43  50  54  51  54  51  53  57  64  61  38  12  77 147 190 222 240 247 244 239 238 237 237 238 239 240 236 233 233 231 237 241 241 244 244 245 242 240 242 246 250 252 253 251 228 200 149  87  57  71  88  91  87  78  92  91  93  93  94  92  93  92  95  96 101  97 108  97 101 100 115 120 112 115 117 118 122 125 124 123 121 122 121 113 111 121  99 119 122 120 121 124 123 121 122 125 122 125 125 136 117 137 153 132 128 133 135 132 135 134 138 137 143 133 170 202 202 200 202 199 198 199 199 203 201 202 206 201 201 200 201 200 203 202 201 203 203 201
  40  40  40  41  40  39  42  43  35  38  39  39  41  47  47  41  42  42  40  42  46  51  49  39  43  52  56  59  45  38   0  19 101 180 226 237 238 236 239 238 238 241 242 239 239 239 237 239 238 238 236 232 234 238 239 241 243 244 243 242 248 246 247 249 247 249 252 254 250 237 187 107  58  85  80  91  92  91  94  93  91  92  93  93  94  97  97  98 105 104  94 103 113 117 113 114 118 122 124 121 119 113 112 116 112 118 126 119 117 120 121 119 118 124 125 123 125 127 127 125 127 126 119 117 137 130 130 134 134 135 135 133 137 137 138 142 134 180 204 205 205 201 201 204 201 201 203 203 202 204 203 203 204 205 205 204 204 205 205 204
  37  35  36  38  36  36  39  38  38  37  40  42  40  40  39  40  40  41  40  44  53  53  45  54  56  41  26  11  66 107 168 207 236 246 240 237 239 239 241 239 239 243 241 239 237 240 238 240 239 239 238 240 242 246 246 243 243 243 238 237 242 247 249 249 249 249 248 247 249 252 251 239 201 115  64  79  96  96  92  92  93  92  92  93  92  99  96  99  97 106 103  98 114 111 107 108 110 111 114 113 110 105 104 108 111 119 110 124 129 123 129 136 125 119 123 121 123 125 124 125 128 125 130 149 118 131 137 135 134 135 134 132 138 142 140 143 142 141 157 198 201 205 208 205 202 204 202 202 203 204 205 204 204 204 203 203 206 202 204 205
  35  35  34  34  35  39  38  44  38  39  40  41  40  39  40  39  39  42  49  56  58  55  38  27   0  53 117 176 220 232 240 240 234 234 236 237 238 241 240 238 242 243 244 241 240 240 240 240 241 241 238 239 241 243 243 242 242 243 244 246 247 249 249 249 249 249 248 249 249 247 247 252 253 245 205 122  63  84  98  92  94  95  93  93  93  93  94  97  98  97 101 105  97 103 103 105 106 106 106 108 104 107 105 112 120 106 109 116 123 127 122 126 130 123 118 122 124 123 121 124 126 128 126 145 139 123 139 132 134 134 137 135 136 138 139 144 142 145 141 140 146 171 179 194 203 205 208 208 205 203 202 203 203 203 204 204 203 203 204 205
  36  35  37  36  39  39  39  45  40  40  40  38  39  39  40  40  46  56  59  39   3   0  61 110 169 217 235 237 235 234 232 233 236 241 240 238 237 240 241 242 242 242 242 242 243 241 240 237 236 236 237 237 237 237 238 237 241 246 246 243 246 248 248 248 248 249 249 249 249 249 247 247 248 250 251 241 203 122  61  88  90  97  91  91  91  96  94  95 104 110 108 115  95 102 100 102 104 104 106 105 106 106 106 113 111 106 119 113 115 120 130 125 122 131 132 129 132 132 127 124 124 125 126 134 134 113 126 135 133 133 135 137 137 139 137 139 146 148 131 144 141 141 137 143 151 178 177 186 203 204 205 206 205 206 205 204 204 206 206 205
  35  36  37  40  37  36  38  40  46  44  40  39  40  43  52  57  40  10   0  68 144 186 217 234 235 231 230 233 235 237 237 236 236 235 236 237 236 236 235 234 239 239 239 240 235 232 234 235 236 235 235 232 235 237 240 243 237 235 243 242 243 242 246 250 249 249 248 249 249 249 249 249 249 249 248 251 253 238 174 110  96  73  95  98  93  93  94 102 118 122 111 102 108  96 101 100  99 100 106 106 106 107 112 103 104 114 113 115 120 117 123 132 128 120 129 141 139 132 137 133 128 126 128 138 128 143 130 123 136 135 132 130 132 139 140 145 145 128 144 141 145 146 143 144 143 139 138 144 153 153 192 209 206 206 206 206 207 206 206 205
  37  36  38  38  37  38  38  41  46  47  45  48  53  40  14   0  69 134 182 210 220 224 222 223 223 232 233 233 235 234 233 231 231 226 224 225 225 225 227 228 233 236 235 225 224 224 219 214 210 213 219 225 223 216 208 221 232 240 240 244 245 244 243 243 247 247 247 250 249 249 249 249 249 249 249 249 248 251 250 246 228 176 107  99 116 114 106 116 127 122 109 103  97 108  89  98 103 102 104 105 104 115 119 103 113 115 116 114 117 120 118 125 131 129 121 136 131 124 137 128 132 130 134 140 130 131 145 129 130 136 133 130 134 136 142 149 125 141 143 141 143 146 143 145 147 148 147 151 149 149 186 208 205 206 206 206 205 207 207 206
  38  39  37  38  37  37  38  39  44  49  50  27   0  50 121 187 214 224 225 219 218 218 219 225 230 232 230 232 235 237 235 234 235 235 234 230 231 232 233 233 228 226 219 203 200 213 209 210 208 201 200 207 205 211 200 187 196 215 236 237 243 247 247 245 243 246 239 237 250 250 249 249 249 249 249 249 249 248 248 250 252 253 220 130  66 100 112 114 112 105 106 111 100 100  93  94 104 101 102 103 112 108 102 115 113 116 113 115 115 118 119 122 128 133 131 122 124 129 130 127 125 135 136 142 132 130 131 129 114 135 134 131 137 136 148 141 140 145 142 143 144 144 144 145 146 144 147 148 149 151 164 216 212 214 212 214 208 212 213 213
  39  41  38  37  38  37  38  47  47  24  10  98 164 207 220 218 209 206 205 215 220 222 227 226 225 220 220 221 217 220 222 225 229 230 232 233 231 227 217 205 188 191 200 189 197 206 208 199 189 184 183 186 194 187 178 164 164 157 167 202 220 236 245 249 246 244 248 240 233 247 249 249 249 249 249 249 249 249 249 249 248 248 251 244 199  95  87 111 106 103 101 113 111 103 108  99  91 105 105 107 105  89 108 112 114 117 114 116 116 119 119 121 128 128 134 128 123 125 126 126 126 124 126 137 134 136 132 141 131 116 138 133 135 149 139 137 142 142 144 143 144 143 145 143 145 147 151 148 149 152 163 189 205 218 215 220 215 213 216 219
  39  37  38  39  36  44  49  33  23 100 174 209 217 210 204 203 207 210 212 212 212 212 214 215 218 218 218 215 210 206 198 201 204 200 199 196 196 191 190 194 205 211 214 216 207 170 162 154 154 167 170 151 127 106  58 108 115 143 162 153 175 205 214 232 247 245 247 249 243 242 247 248 249 249 249 247 249 249 249 249 249 249 249 250 254 217 125  68  96 100 103 102 104 117 103 104  99  91 108 112  90 110 112 112 112 112 111 113 116 118 119 119 122 123 129 129 130 127 127 125 128 126 128 141 128 138 142 139 136 144 130 134 144 134 135 143 142 142 140 142 145 143 145 147 143 145 142 145 150 160 156 140 200 224 221 219 221 220 226 220
  35  37  39  41  49  23  14 110 175 203 200 197 199 201 202 203 205 211 210 208 206 205 213 212 205 205 206 205 202 194 182 174 169 176 178 182 188 196 210 221 226 227 220 187 165 170 175 162 150 132  86  65  69  48  38  63  67  91 132 155 144 153 194 200 213 234 234 243 251 250 248 248 248 249 249 244 250 249 249 249 249 249 249 248 244 244 235 191  93  91 101 100 100 101 107 103 101  87 110 105 104 112 109 110 114 111 118 120 115 117 119 117 118 121 122 123 129 131 128 126 130 127 133 140 130 129 135 139 140 146 115 132 138 132 142 142 141 142 143 144 142 140 144 146 147 143 140 143 153 157 149 157 213 224 215 219 218 208 196 216
  38  37  47  33   2 101 167 199 196 187 190 198 201 201 203 209 215 220 216 214 212 213 214 213 208 209 208 207 200 187 172 160 163 191 212 220 224 224 219 214 203 194 171 150 156 153 137 110  82  69  62  62  87  89  91  57  25   2  25  99 140 138 149 173 173 197 215 220 237 246 241 241 248 245 245 248 246 249 249 249 249 249 251 247 244 233 234 252 215 103  98 103 100 100 107 108  99 112  94 102 108 109 105 112 110 118 127 125 122 125 123 122 123 126 119 128 133 130 130 133 132 128 137 139 132 130 129 133 141 139 150 127 127 144 138 143 141 140 141 146 145 143 145 144 143 141 140 147 157 152 150 150 159 188 160 161 162 159 160 178
  41  44  22  54 142 190 186 183 185 188 187 190 196 202 205 206 203 195 189 196 206 209 214 213 219 214 207 205 199 186 171 159 149 129 132 151 155 152 149 144 140 133 127 129 124 130 121 111  96  69  42  57  84  70  84  12   0  29  28   4  70 116 119 141 159 171 184 187 195 214 227 240 244 244 236 241 241 243 242 249 249 246 247 239 241 234 215 215 236 224 107 100 103 103 104 108 108 110 113  98 104 108 104 107 116 123 123 122 122 119 122 123 123 128 129 132 131 131 137 141 137 128 132 136 132 130 129 131 132 142 147 144 136 138 141 141 142 141 140 139 143 145 144 142 139 140 145 158 155 151 152 154 151 146 153 154 156 162 174 166
  36  19 105 174 179 172 175 179 179 184 187 188 198 199 198 191 191 202 208 207 208 206 203 205 205 204 201 193 185 181 175 161 166 163 141 123 114 127 128 130 140 140 139 130 119 124 129 114  84  78  97  77  12  64 113  88  76  11  24  29  14  26  64  85 113 120 133 149 138 160 183 208 226 228 241 219 223 233 225 235 247 246 236 219 241 212 187 199 196 224 188  87 104 105 102 114 124  99  96  97 100 108 116 121 115 114 123 122 120 119 120 123 124 129 134 132 129 130 130 130 139 136 138 141 135 130 129 131 138 151 129 140 149 127 138 138 138 141 140 144 141 141 139 141 146 149 148 153 150 152 154 152 154 153 154 154 157 167 165 164
  45 134 169 166 169 174 174 174 176 184 194 196 196 190 187 197 210 209 206 205 203 205 203 204 206 204 199 196 194 182 191 186 176 175 177 179 168 146 136 143 141 135 137 124 133 108  69  74  76 100 119  81  56  31  72 179 163  79  32  22  24  23  15  26  39  51  71  97 113 117 149 146 176 189 196 217 198 196 193 209 232 237 229 211 219 178 173 182 159 180 190 141  94 104 102 114 109 117 112 119 115 108 124 114 111 115 123 120 122 122 122 124 124 128 128 122 122 127 130 128 133 140 141 141 141 136 129 138 144 105 133 137 149 157 128 142 138 137 139 144 144 144 147 151 149 148 146 147 150 159 160 155 158 158 161 154 166 168 165 164
 142 162 154 160 163 166 165 174 186 190 188 185 180 189 197 208 207 201 198 199 197 206 201 196 197 197 198 196 202 195 182 184 185 182 179 172 172 171 157 150 149 138 138 140 131 123  93  99 125 144 111  31  38  53 115 124  98  54  19  22  21  21  24  25  21  31  35  42  55  77 110 109 128 176 162 172 184 182 173 194 192 211 213 166 172 187 187 142 120 148 159 134  96 104 115  91 105 124 124 125 120 102 106 114 114 122 120 118 120 120 120 121 124 121 120 117 121 119 126 125 125 135 143 143 140 138 139 134 115 134 131 131 148 160 157 154 154 153 150 151 150 157 155 147 143 146 158 163 162 164 164 158 158 161 162 168 165 163 162 163
 155 149 150 154 160 164 174 179 179 174 170 175 191 196 201 198 197 198 197 193 187 184 182 184 187 186 186 185 185 190 190 186 187 194 193 181 168 161 159 144 151 163 156 142 152 138 107  74 112 116  87  10  31  77 126 131  74   0  28  27  31  29  15  22  23  29  32  38  42  42  51  56  55  95 150 147 159 159 172 186 180 179 184 169 218 208 151 127 145 136 144 130 101 111  95 101 103 110 111 109 110 115 101 100 129 121 117 116 118 118 118 123 121 123 122 119 119 122 124 123 124 127 140 151 145 140 143 135 127 135 134 130 136 155 156 139 137 158 151 154 157 150 143 143 149 160 161 166 163 161 156 156 156 157 161 161 160 159 161 167
 145 143 148 153 160 172 175 167 159 159 179 190 196 195 198 194 191 189 188 181 181 180 176 170 171 179 180 180 174 164 165 172 177 182 193 192 185 165 144 161 153 155 178 166 153 159 146  96  87 110  87  15  30  87 143 141  82   0   7   0  18  87  67   0  26  23  29  40  44  42  38  40  59  67  67 103 132 139 142 163 177 160 152 191 194 127 112 127  99  68  84 121 117 102 103 104 102 101 103 104 103 109 118 117 112 119 119 116 118 119 120 118 117 118 119 121 118 126 124 125 124 125 128 142 150 148 142 125 141 131 133 132 128 138 135 144 135 132 151 146 154 155 150 153 157 153 151 153 152 153 154 156 154 156 160 158 160 158 166 168
 137 148 157 161 164 161 150 148 161 179 188 189 193 188 181 180 186 189 183 176 176 175 171 171 176 178 180 179 176 173 166 162 171 179 176 177 180 179 168 157 169 160 164 178 175 158 157 133  56  69  71  32  19  59 125 147 135  92  70  77 127 142 125  31  27  33  34  40  54  53  48  52  55  66  89  86  93 117 132 150 173 180 182 167 147 149 193 221 206 186 151 111  77  96 109 105 103 103 105 105 107 114 124 136  93 115 119 120 120 118 118 118 118 117 121 124 121 125 129 127 126 125 127 129 152 120 121 145 141 133 133 134 132 139 139 139 147 125 136 147 143 149 151 150 153 152 151 149 152 154 151 153 156 156 158 155 156 158 159 152
 150 156 157 158 150 140 150 171 185 186 185 186 178 175 182 186 185 182 179 178 177 171 165 161 163 170 168 164 166 174 176 172 172 181 186 185 181 170 167 171 173 179 164 133 164 174 147 140  92  63  75  65  37  28  81 142 158 167 187 187 182 194 146   0  66  51  56  71  59  59  63  65  80  91 102 106 120 110 126 145 164 182 186 173 183 224 243 238 242 245 232 219 185  97  82 104 104 104 110 115 120 121 118 114 118  94 112 115 116 118 120 118 119 121 125 124 121 130 128 125 129 126 126 132 129 134 136 140 138 135 134 133 136 138 139 140 142 148 141 143 138 139 143 150 150 150 151 151 153 154 155 161 154 151 153 157 163 165 150 162
 154 154 152 139 139 160 177 179 177 174 177 176 173 178 179 172 170 172 176 173 180 180 177 174 170 170 164 162 155 151 163 168 163 167 171 179 183 179 166 163 169 178 179 151 116 154 162 139 124  75  67  74  73  45  22  86 130 163 177 187 192 143  59  75 128 114 101  93  63  67  92 103 107 125 112 129 145 147 152 163 160 168 172 177 218 239 236 234 231 227 229 236 230 210 171 104 103 113 120 125 121 118 118 117 118 112 103 110 114 120 121 122 120 121 125 123 129 130 125 124 125 123 132 141 120 142 142 135 143 141 139 135 135 139 139 140 144 140 154 150 144 138 142 145 147 146 148 145 148 158 155 150 153 151 152 161 157 156 162 162
 147 142 138 143 164 173 167 163 167 165 165 167 164 163 165 166 169 175 175 177 177 184 188 188 178 163 150 147 149 146 145 159 167 168 172 173 172 168 174 167 151 149 164 171 161 121 133 153 125  99  48  49  59  70  76  64  37  74  86  90  74  29  79  89 130 145 139 111  88 107 106 113 119 118 129 146 147 148 154 154 173 180 171 190 233 237 236 238 236 233 236 231 231 235 225 191 121 116 124 121 117 119 112 111 111 126 116 106 120 117 123 124 121 124 130 130 122 123 125 126 126 130 135 117 130 136 140 134 140 139 136 135 131 138 140 141 140 140 145 157 153 150 142 143 144 146 146 149 161 159 151 154 154 154 156 154 139 154 163 162
 136 134 144 160 164 163 157 155 151 148 147 147 156 169 177 179 179 177 167 162 162 164 165 168 166 159 155 146 136 140 139 134 134 138 155 160 166 168 165 172 167 158 153 151 164 152 119 130 155 140 117  64   0  32  57  79  83  82  75  78  78  62  70 121 146 152 145 124 119 126 133 136 138 139 147 157 163 159 161 152 161 182 190 210 226 227 224 229 233 237 239 235 220 221 219 221 204 148 115 115 114 114 109 106 109 111 115 110 122 134 118 120 131 135 139 133 120 119 127 125 124 132 124 128 135 134 140 139 135 141 138 132 130 139 141 142 141 142 144 142 156 162 156 142 141 146 151 166 155 155 149 156 151 153 162 141 152 161 160 161
 134 145 155 159 153 149 149 144 139 144 157 168 175 172 174 175 175 177 176 172 173 171 165 161 160 152 148 149 152 143 143 138 133 140 147 156 158 156 162 160 168 164 157 152 133 141 148 125 105 134 157 154 128  84  60  37  42  57  55  45  57  87 122 137 140 141 137 144 143 148 147 148 158 165 156 160 171 175 176 179 176 185 202 205 189 192 205 203 207 215 226 227 226 223 226 219 215 174 101 103 107 105 109 112 108 112 117 114 120 142 154 143 141 153 143 127 138 138 119 130 138 120 122 135 137 132 135 143 130 140 143 135 133 141 140 141 142 143 143 146 144 149 186 160 173 184 184 169 158 154 160 148 149 159 140 151 159 159 158 160
 144 153 150 145 147 146 145 145 151 161 170 170 170 165 164 165 164 165 161 158 156 156 154 153 152 154 152 153 151 154 150 147 147 145 140 146 157 157 151 140 144 153 157 164 160 139 138 148 124  93  97 115 141 150 131 107  86  79  95 105 124 124 126 109 110 125 145 166 176 146 152 160 147 156 161 160 160 169 183 180 181 182 182 194 185 187 192 201 186 187 178 174 184 207 227 220 197 188 167 114 100 106 107 109 115 117 103  86 131 144 204 221 174 134 145 122 169 150  45 104 122 128 143 134 128 132 134 142 138 132 138 138 137 139 140 142 140 141 145 134 106 101 175 234 236 212 170 164 147 166 153  64 127 144 146 156 160 158 160 161
 146 143 139 145 148 148 150 154 159 167 171 173 178 185 184 176 173 167 156 149 142 138 143 149 145 139 135 140 143 142 136 131 132 140 145 144 141 150 157 152 142 137 133 125 140 145 138 137 137 134 115  94  91  86 103 112 116 124 134 123 114 107 116 126 133 140 151 165 176 170 164 158 164 172 161 170 164 177 186 174 173 179 185 186 186 176 152 122  91  75  62  62 127 184 216 231 229 226 209 181 131  99 115 111 112  95  86  86  94 166 222 211 160  76  54  97  95  91  80  47  95 145 135 128 132 134 135 135 142 131 135 139 139 133 140 143 139 142 124  94  91 125 200 245 247 173  74  91  93 127 113  73  83 106 155 156 157 160 160 161
 137 135 143 150 143 146 154 159 167 172 172 174 174 172 173 168 166 168 168 165 164 160 158 154 158 157 155 154 153 148 138 128 117 111 121 131 134 138 140 144 144 136 129 119 111 101  84  90 108 116 115 116 113 101  95  85  95 108  96  89  86 107 129 146 152 166 164 168 163 170 168 176 178 164 164 178 180 173 176 175 169 170 174 159 131  80   0   0   5  63 124 183 222 231 225 232 234 226 215 204 189 128 102 112 100  80  86  88 120 122 183 163 145 138 147 145 138 101 110 125  91 102 129 129 130 130 134 138 142 135 133 141 135 135 138 140 142 129  91  96  99 147 180 183 195 192 151 163 174 157 130 118 112  70 120 160 155 162 162 160
 134 140 142 142 147 154 159 159 159 162 162 159 157 153 147 149 151 149 153 156 157 160 162 162 159 155 155 156 154 152 140 134 132 124 111 104 110 123 130 130 126 124 126 129 113  98  89  83  77  76  97 103  92  83  75  85  92  93  99 107 123 111 128 141 143 156 150 158 172 164 169 168 161 171 170 177 181 173 167 177 180 179 166 129  81  64  92 127 180 201 216 211 214 222 226 234 232 223 205 205 188 169 125 110  98  85  84 106 102  90 112 129 131 162 170 153 148  94 131 157 105  88 130 128 131 131 133 138 148 140 132 134 136 140 141 140 143 128  93  90 135 146 116 119 137 162 186 196 193 172 133 114 129  93 113 160 165 163 158 161
 139 140 141 148 153 154 155 155 153 153 150 154 163 167 169 167 162 161 157 152 147 143 144 150 149 140 133 130 138 146 151 155 157 153 154 145 131 127 124 122 130 130 120  94  80  75  57  36  41  13  51  79  79  75  80  91  91  86  82  67  65 103 117 130 139 136 138 145 166 169 175 180 176 174 172 172 167 171 165 160 169 178 179 169 165 207 215 217 203 190 179 189 208 228 226 231 229 225 218 209 191 182 159 106  99  84  94 108 105 116  83  95 136 146 148 150 142 138 103  83 100 117 130 126 132 133 133 137 137 141 142 136 136 140 139 140 145 128  92 112 139 142 123 126 118 142 169 177 173 144 159 122  99  97 130 171 159 159 160 165
 137 138 143 148 147 147 146 146 147 148 151 158 158 157 161 165 168 171 172 170 163 155 153 152 151 144 140 130 124 123 122 133 144 144 148 153 157 157 148 145 144 144 140 125 118 103  87  66  72 121 100  94 101 102 104 110 126 141 142 146 161 157 158 173 157 162 153 151 165 174 166 165 168 172 171 168 166 170 173 172 168 180 185 187 190 185 175 166 170 183 197 212 224 225 225 228 225 219 218 209 199 188 171 125  91  97 106 120  93  34  85 102 112 138 152 141 128  97  87  90  43 115 139 125 130 135 136 135 135 139 144 143 140 139 138 141 145 130 108 125 158 147  58 116 129 133 157 171 174 144 115 120 110  83 158 158 156 158 160 165
 141 148 148 140 141 139 142 146 154 159 169 166 160 155 147 145 141 134 138 146 146 142 143 142 141 147 150 151 150 143 133 123 120 114 107 104 105 118 126 127 127 134 140 140 150 159 150 143 122 152 166 156 149 146 130 120 104  98 115 125 131 134 165 176 180 191 192 183 159 148 152 155 157 159 158 164 168 171 172 177 183 184 185 182 167 154 172 209 228 231 232 229 224 217 221 232 228 222 218 210 192 184 176 149 102 102 120 127  84  48  75 102 114 123 141 140 113  77  97  96  61  99 132 130 132 135 134 134 138 138 147 144 139 139 139 140 148 138 103 127 170 134  36 115 127 135 147 154 174 138  96 133 184 143 127 158 156 160 159 163
 143 143 136 132 136 140 146 152 156 152 149 149 147 143 140 137 136 128 119 110 113 113 117 120 121 128 136 139 141 143 142 139 133 124 121 124 121 118 125 134 143 154 152 145 150 169 174 178 175 163 148 147 155 164 166 171 169 165 164 149 138 137 117 103 100 124 156 174 187 180 179 172 175 177 173 171 170 174 175 178 183 185 179 170 183 221 226 218 214 217 217 211 213 215 215 219 229 227 225 216 193 182 182 162 128  88 105 123  81  76  78  96 113 139 149 111  89  90  91  91  60  96 133 131 130 133 133 133 137 135 145 141 140 139 140 143 153 133  99  99 142 125  64 117 116 129 156 172 146 141 118 143 153 119 127 159 157 158 161 162
 135 126 122 128 133 139 137 131 133 136 130 133 136 140 140 141 146 145 142 138 127 122 123 113 107 100 104 112 120 123 131 138 145 150 153 154 155 144 138 134 130 133 134 134 133 127 126 131 138 146 148 145 136 121 118 126 131 132 143 150 164 178 184 186 184 178 158 145 144 148 152 159 165 171 171 179 180 174 176 181 183 181 171 180 198 198 195 199 215 210 202 191 183 183 191 187 198 221 224 219 195 182 182 168 133  95  84 114  77  41  77  99 138 150 134 104  83  91  78  95  37  97 131 126 130 135 135 134 136 131 144 142 139 140 141 139 143 128  90 100 126  99  37 108 117 156 165 149 139  99 147 131  76  49 126 165 155 159 161 163
 114 114 121 128 129 131 136 137 128 127 130 135 139 140 138 137 135 131 129 129 124 116 118 117 117 113 104  98 102 107 115 117 124 132 133 139 142 141 145 143 135 125 117 111 119 136 139 137 135 138 136 134 138 143 140 126 122 111 101  86  76  81  87  98 113 136 161 179 184 176 167 155 146 143 147 161 173 175 174 174 175 178 176 183 179 181 182 182 193 209 208 189 183 184 183 185 181 194 208 200 187 181 179 170 144 101  78  96  84  23  61 136 147 117 113  98  92  83 123 122  33  97 131 128 132 135 138 130 133 134 147 146 139 140 140 138 139 124  91  95 111  99  26  57 153 169 144 131 120 125  78 138 147  44 114 161 158 157 161 162
 110 120 122 122 130 135 133 132 135 139 142 140 137 127 127 126 119 116 120 121 132 141 142 147 149 149 148 145 132 119 101  89  82  82  84  89  89  98 113 130 146 150 144 134 139 145 141 145 147 144 129 126 130 124 131 134 140 145 148 149 133 125 103  82  72  63  61  72 130 158 172 174 176 170 153 134 130 151 171 170 163 166 179 182 184 184 185 185 182 177 184 185 184 185 182 183 184 183 184 180 183 184 177 168 152 106  74  88  89  71  56  71 116 129 113  71  75  90 121  96 113 129 125 129 132 132 133 135 136 141 148 147 144 144 143 139 145 141 111  94  97 105  90  76  82 136 156 130 110  99 103 163 142 119 151 155 157 158 160 160
 113 114 117 124 124 122 129 133 134 134 134 135 131 121 118 123 128 132 131 131 130 132 132 129 128 123 118 117 113 110 103  97  90  84  83  91 106 103 105 100  93  96  93  95  88  91  92  98 101 103 114 114 113 111 111 114 118 125 129 115 115 115 114 107  86 110 104 101  95 102 124 137 148 163 173 180 169 138 121 134 157 156 164 178 179 181 184 184 185 181 175 176 178 181 176 176 176 177 181 181 184 181 171 161 149 113  83  90  84 110  94  39  53  62  46  73  70  57  51 118 110 124 129 130 131 134 133 135 149 154 147 146 147 144 139 148 146 148 143 125  95  93 120 109  52  66  68  63  83  93  77  50 140 146 155 157 157 159 159 160
 108 116 118 114 116 120 121 121 118 117 117 113 114 119 117 119 120 120 119 113 111 106 105 102  95  93  94  93  93  93 103 115 126 130 126 121 120 118 114 109 107  90  84  83  89  88  79  80  87  86  88  94  95  91  87  93 104 100  88  87  87  79  73  72  62  78  93  93  93  90  94 100 103 113 121 143 165 177 175 146 118 121 139 164 168 180 183 182 179 180 174 175 175 169 171 169 167 167 171 171 172 172 166 160 147 113  77 106 122 113 108 111 111 112 118 122 123 121 122 124 125 114 125 130 131 136 133 134 144 150 150 145 145 145 152 149 138 141 146 150 134 142 142 125 123 132 134 142 150 146 145 151 155 151 133 150 159 158 162 161
 120 114 108 105 107 106 106 109 110 106 106 108 117 123 126 127 130 129 133 131 125 117 109 100  95  98 106 116 127 129 132 134 131 125 119 112 100  94  94  85  85  72  63  51  52  63  60  59  53  63  69  66  63  63  60  58  47  33  39  49  39  20  23  27  66  96 102 119 127 118 117 114 112 112 105 106 107 117 140 166 175 149 109  97 134 161 174 182 180 177 178 171 163 165 161 163 162 163 163 163 167 165 158 152 144 116  66 113 120 114 120 125 128 124 124 126 126 124 125 123 132 137 116 133 130 135 134 136 132 138 150 151 150 154 153 142 139 140 142 139 150 153 140 146 151 154 154 152 151 151 155 155 151 159 150 140 161 158 160 161
 123 119 109 112 108 105 104 104 101 102 111 114 119 123 123 123 122 124 124 122 121 122 126 136 137 140 137 125 113 107 114 109 106 107 104 100  99  93  82  81  75  68  63  58  56  55  46  43  35  35  38  42  52  51  46  51  80  78  64  46  15  22  29  39  44  52  61  78  87 105 110 116 128 131 128 111 110 108 100 116 147 162 169 166 122 124 148 164 179 179 178 171 159 154 155 155 155 151 152 155 159 160 154 147 141 112  70 113 106 119 118 122 123 119 118 120 122 124 127 127 123 133 119 115 135 133 134 138 132 133 146 150 143 144 139 139 139 143 144 145 145 138 152 156 151 143 144 146 147 149 152 151 154 152 158 152 147 162 161 161
 122 112 112 108 102  99  95  97  99 101 104 105 105 106 110 117 115 115 118 122 128 133 135 131 135 128 111 106  79  55  94 118 130 130 134 131 121 110 105 100  92  85  80  65  63  63  70  80  88  83  81  71  66  77  72  74  75  79 107  97  88  83  76  53  52  33   9   0   0   4  36  52  74  99 113 117 111 106 110 116 128 137 148 167 180 145 132 142 154 170 167 160 148 149 149 148 144 148 143 146 148 149 149 142 134 111  67 105 119 120 120 123 121 117 119 124 125 128 125 125 126 125 126 118 128 136 134 133 129 138 146 141 139 139 139 139 140 141 143 159 138 147 154 154 149 142 144 148 151 149 152 153 153 154 151 157 155 150 163 168
 119 119 118 105  98  92  86  87  90  96 105 107 111 112 115 116 111 118 121 126 133 135 115  89  76  91  96  75  73  84  69  91 141 150 147 145 139 132 127 126 130 131 122 108 100 100 102  99  97  92  90  86  78  66  56  63  53  38  19  46  59  55  48  37  30  29  38  56  49  33   8   0   0   4  28  64  76  85  94 108 117 120 121 122 130 143 134 122 127 135 148 146 147 147 143 143 139 143 139 140 141 141 138 136 125 101  78 115 117 115 119 123 122 124 119 121 123 127 126 126 126 127 127 137 114 130 138 132 129 139 140 140 140 140 140 140 140 141 152 131 147 144 149 149 143 142 146 150 151 153 150 151 156 154 153 155 166 158 156 165
 120 117 107  98  98  94  90  95 108 120 126 126 126 122 115 114 110 101  87  84 108 107  95  88  80  74  78  78  68  70  82  54 116 136 129 125 129 132 139 144 144 144 133 129 129 132 130 117 109 103  95  87  81  69  61  58  54  60  69  64  55  55  48  49  58  83 100 100 104  63  53  92  57  31  23   7   8  38  54  65  79  98 107 100 104 105 104 101 121 131 129 127 122 129 136 140 141 141 138 134 136 135 133 129 119  92  90 118 119 120 120 121 130 135 128 123 122 121 119 123 128 128 128 129 137 119 131 135 132 140 140 140 140 139 139 139 141 150 125 134 140 139 140 140 145 147 145 146 149 150 152 153 153 153 157 167 171 174 158 161
 115 111 104 102  97  99 108 120 123 123 123 122 115 110 105  99  88  84  61  74  57  52  64  76  82  81  82  84  69  54  78  83  82 103 102  86  87  89  92 132 136 127 123 131 131 122 111  98  94  91  88  78  75  75  77  83  82  77  76  86  85  73  85  88  82  90  84  64  51  34  46  72  50  48  23  23  23  17  16  23  31  42  59  70  73  92  90  81  85 116 141 138 130 122 118 122 129 143 141 134 133 133 133 122 113  83  94 119 116 120 126 132 135 135 137 134 128 123 118 121 125 126 128 132 132 133 122 130 141 143 140 140 139 139 139 139 153 136 132 139 138 139 139 145 143 146 146 148 148 150 152 155 152 157 167 176 174 166 174 162
 108  99  99  99  99 117 122 118 119 115 106 100  93  88  85  74  41  69  66  67  65  68  85  89  84  77  75  81  83  84  87  85  87  76  75  80  81  83  66 113 136 134 132 115 103  93  89  90  91  87  81  85  85  80  82  78  88 103 103  93  73  65  61  58  55  40  27  38  27  18  20  18  17  10  18  20  19  21  23  22  25  24  27  29  38  37  50  60  59  35  86 115 126 127 123 119 119 127 139 137 129 123 122 116 107  76  92 119 116 118 130 134 135 131 131 135 130 124 124 125 128 125 130 132 130 141 148 126 147 141 140 140 139 139 140 152 129 124 141 139 139 145 145 141 140 139 144 149 149 151 152 151 154 165 168 163 161 163 167 174
  99  87  99 101 113 111 104 101 104  93  83  77  71  75  87  70  57  68  68  69  59  75  88  88  92  87  76  86  92  86  80  86  89  85  70  70  77  86  77 126 130 121 106  89  86  95 102 105 111 103  98  98 102 112 116 111 110 106  83  57  52  48  43  49  49  31  21  16  18  21  20  17  21  21  19  21  21  23  19  17   4   5  30  44  17  24  45  50  39  50  42  63  89 111 129 128 120 120 125 134 129 122 118 111 100  73 109 117 117 125 131 131 131 131 130 134 132 119 127 126 126 128 128 129 130 127 140 144 121 140 141 138 132 137 151 136 127 141 139 139 142 143 141 139 140 147 148 149 149 150 153 156 165 169 162 159 161 162 166 168
  90  92 104 106 103 104 102  92  80  70  68  62  78  92  84  64  61  65  72  79  62  77  91  84  81  88  94  91  85  92  70  68  84  81  61  65  70  77  82 105 103  93  94 102 114 128 126 116 106 103 105 106 101  95  94  89  74  58  57  65  64  59  47  47  41  26  22  22  21  21  20  22  21  22  22  18   5   0  23  29  58  77  90  93  81  52  14  16  31  54  70  73  80  97 108 127 125 121 118 127 125 120 117 108  91  82 115 113 122 131 131 131 130 131 130 134 131 122 123 123 125 127 129 128 129 137 144 142 141 126 139 136 132 141 133 135 143 138 139 139 140 139 138 142 151 159 152 147 152 156 164 172 171 166 164 163 166 170 171 170
  95 103 105 113 106  93  76  65  58  57  65  79  85  84  75  61  28  54  78  69  65  87  88  84  78  93  92  80  73  78  52  67  90  84  81  82  83  82  66  85 119 127 126 120 114 113 113 109 103 100  99  91  89  87  78  73  72  69  67  57  45  41  38  27  20  21  21  21  21  21  19  21  23  13  11  28  53  67  83  90  94  96  93  92 107 105  83  68  36  23  22  41  70  91 100  99 117 130 120 114 122 115 110 103  75  92 118 114 128 128 125 127 128 130 130 132 133 129 125 124 125 128 126 130 131 132 148 145 146 131 127 140 137 128 128 142 138 141 140 139 140 143 147 159 163 158 154 146 152 160 168 165 162 164 166 168 164 165 163 162
 102 106 111 107  94  72  71  74  64  65  77  79  73  64  64  51  40  59  78  79  85  97  93  89  85  91  89  83  49  44  60  79  91  90  88  87  84  80  80  79 100 121 109 100 104 110 115 109  94  89  81  84  87  78  67  62  52  42  33  34  37  36  30  30  28  21  21  21  21  20  20  24  11  35  68  90  97  96  91  92  94  92  91  91 108 106 104 106  98  93  76  52  48  64  81  91  98 116 125 105 113 112 106  94  67  96 117 115 122 119 117 118 118 123 129 130 137 134 130 127 124 127 124 124 128 131 141 144 130 146 134 136 135 122 143 138 141 143 138 141 150 156 161 157 153 157 157 148 157 165 168 162 162 160 161 162 161 161 160 161
 105 107 109  91  75  87  90  77  70  78  84  72  60  60  62  68  67  60  70  88  76  89  89  78  71  80  69  44  36  28  50  60  89  91  82  89  77  66  81  84  77  73  94 107 121 122 107  86  77  72  75  79  72  54  43  39  38  41  40  44  44  31  25  22  21  21  21  21  19  19  24   0  47  87  90  88  95  92  91  93  92  92  91  97 108 104 102 101  96 101 110 119  88  67  49  57  74  85 115 108 106 109 102  83  62 111 112 116 119 118 118 118 117 118 121 128 137 148 138 126 121 123 125 129 134 139 150 144 135 131 139 134 110 139 138 138 141 142 145 152 159 156 150 149 150 154 160 165 162 163 165 165 162 162 162 161 161 161 161 161
  96 106 104  93  98 103  99  88  92  92  67  57  54  48  50  61  63  56  56  84  80  78  88  79  64  43  44  73  88  76  60  46  66  80  89  88  81  75  71  78  85  86  71 109 118 107 100  91  73  64  78  83  64  50  45  46  48  41  42  39  40  35  25  20  21  21  21  21  20  22  10  44  81  85  88  89  93  91  93  92  93  94 101 106 107 104 101  99  93 100 109 114 107 109  95  85  67  49  75 103 100 103  96  68  75 115 111 115 119 118 118 118 118 118 116 123 129 149 151 136 130 130 139 144 148 149 152 142 132 132 134 119 125 140 138 139 145 149 152 157 150 141 140 140 143 152 157 157 156 156 156 159 162 160 156 161 161 160 160 161
 100 106 100 103 109 112 103  97 116 104  77  55  51  39  59  64  65  80  83  81  87  90  83  68  46  38  79 117 142 106  61  55  50  76  74  77  87  81  55  68  75  79 103 113 109  97  83  71  68  82  83  63  49  49  50  53  54  48  33  27  29  26  24  21  21  21  21  21  22  17  30  78  87  85  88  92  92  89  92  93  93  98 103 105 106 105 103  97  96 101 104 104 109 107 101 107 108  89  53  88 100  98  86  57 107 118 111 115 119 118 120 117 118 118 117 122 128 137 151 148 138 132 132 131 138 144 140 135 131 146 126 135 147 125 146 157 159 152 148 143 139 140 141 140 143 150 154 153 150 151 154 156 158 154 153 160 160 158 161 164
 107 102  98 107 120 111 101 114 116 105  75  53  52  35  52  68  80  81  73  78  88  85  75  52  36  74 112 155 183 151  91  81  62  72  74  78  84  80  66  70  72 108 120 113 111  87  60  62  85  94  87  69  51  46  47  50  45  39  37  30  30  24  22  22  21  21  21  21  22  15  33  82  85  87  87  93  92  89  93  93  94  98 101  97 105 104 105  97 101 104 100 107 109 101 104 106  96 104  95  82  94  95  72  82 117 111 110 112 125 117 118 118 118 118 117 121 129 130 139 139 129 130 130 128 128 129 129 132 141 124 131 132 139 137 135 155 144 144 140 139 140 140 140 142 141 150 151 151 151 150 152 156 153 155 157 157 159 161 162 163
 100  96  98 115 113 103 103 112 109  94  56  53  36  36  30  63  76  76  81  75  78  85  60  50  57  68 150 190 191 155  88  71  59  70  82  86  78  68  77  71  70 108 113  95  91  73  81  95 106  99  79  64  59  55  64  67  54  40  33  35  32  27  22  21  21  20  21  20  20  20  18  70  87  90  95  93  89  92  93  91  94  97  97  94 103 103  98  95 100 109 107 106 102 101 108 109  94 108  98  82  91  83  67 111 114 110 113 110 118 123 121 117 118 117 117 118 127 130 131 130 131 130 127 126 132 132 133 137 120 120 137 133 138 144 134 140 139 141 147 147 140 139 140 142 143 151 150 151 151 150 151 151 151 156 152 159 158 161 162 162
  93  92 102 111 104  98 104 107  90  58  55  58  44  34  37  32  52  78  86  83  71  67  56  55  37  61 105 145 150 127  74  61  41  73  83  87  83  79  78  81  81  77  81  92  80  83  92  99 106  84  68  58  59  64  74  66  45  37  37  40  33  30  22  21  21  21  21  20  21  24   0  64  89  88  96  95  90  91  93  93  91  92  93  93 100 105  95  94 103 109 110 103  99 106 104  98 104 104  80  81  88  71  69 113 112 111 116 114 115 123 124 121 123 124 118 117 120 126 127 127 127 126 123 127 132 131 138 140 125 137 130 135 136 141 152 140 137 150 151 143 138 141 147 140 142 149 151 150 150 150 150 150 153 156 160 157 156 161 159 162
  88  89 105 105  96 100 110  91  66  67  69  56  45  37  25  46  56  66  74  80  76  79  66  53  40  54  69  87 110 107  67  43  71  81  86  87  79  77  82  70  75  83  84  77  83  88  79  90  79  78  72  80  84  77  68  54  40  43  36  29  29  27  21  21  21  21  20  21  21  23   6  56  89  85  90  98  93  94  93  90  92  93  90  96 105 103  97  99 114 109 106 100 106 110  96 101 105  99  64  87  81  74  95  92 115 111 112 117 125 122 117 118 125 125 120 118 117 120 123 123 123 124 124 123 131 139 140 120 136 134 132 136 135 145 143 148 140 152 148 139 139 142 143 141 140 140 142 143 149 150 151 152 153 156 155 155 157 159 165 161
  81  92 105  97  90 106 100  83  84  81  68  59  50  43  23  60  65  53  61  70  86  85  78  58  54  53  50  73  85  60  51  42  68  86  78  84  69  74  86  77  68  79  83  70  79  55  58  87 117 100 111 116  90  73  82  57  46  38  32  33  32  21  23  21  21  21  21  21  21  20  21  21  77  90  86  90  92  93  92  89  92  95  90  95 110  99  99 114 111 104 101 104 103  98 104 103 104  99  79  86  70  93 117 103  98 116 116 116 120 118 121 122 123 122 124 124 122 117 123 124 124 127 127 127 132 136 120 133 137 135 133 136 136 148 142 151 152 144 143 143 144 144 143 140 140 139 140 145 148 152 151 156 160 152 151 152 156 156 159 143
  77  97 100  88 100  99  88  97  85  66  63  59  51  51  34  52  56  63  78  77  78  83  81  60  49  52  50  42  36  40  42  57  53  69  82  85  82  72  70  68  81  86  85  71  37  41  63 116 124 102 127 100  71  85  84  64  44  53  48  37  33  22  21  21  21  21  21  21  21  22  24   9  63  89  88  90  90  93  93  97  96  93  92  97 109 107 109 108 104 100 105 106 100 101 102 102 106  89  92  86  86 112 116 116  99 113 117 110 115 117 124 126 125 122 121 122 129 128 120 123 122 127 126 127 143 130 131 137 135 133 134 135 136 146 152 151 150 146 138 147 143 146 142 141 139 143 146 149 150 150 163 162 154 152 152 155 158 161 143 163
  85  97  90  87  96  91  89  88  65  60  70  60  47  50  39  39  54  71  77  73  71  79  78  61  46  59  59  61  58  53  56  49  47  52  69  69  67  73  79  87  98  89  57  27  25  31  70 110  96 109 110  77  90 100  78  52  49  61  45  39  32  27  22  21  21  21  21  21  21  22  24  19  46  84  86  88  93  93 100  94  95  97  93 101 104 102 102 104 103  96 117 102 100 104 102 103 103  86  96  89 107 109 112 111 122  93 112 121 117 117 118 122 124 122 121 129 126 124 126 126 126 127 125 141 130 132 136 137 135 134 133 132 147 150 147 145 139 144 120 142 146 145 144 145 143 148 149 147 151 166 159 152 153 154 153 151 168 159 161 163
  88  95  89  89  91  84  84  74  56  68  67  67  62  54  46  23  48  70  74  68  69  83  76  55  51  59  59  58  56  60  59  57  52  52  54  48  40  60  93 103  95  80  52   9  24  25  72  95  92 101 101 100 107 102  68  48  78  75  44  43  33  27  29  20  21  22  22  21  21  25  24  22  27  75  91  90  92  91  96  93  91  92 104 102  97  95  96  98  97 110 102 100 104 102 100 107  85  81 103 103 105 105 107 110 113 119 112 122 116 117 120 126 120 121 132 137 124 126 126 125 127 124 136 122 127 136 134 137 132 130 133 140 149 149 148 141 140 141 144 133 151 151 141 145 144 147 144 158 168 163 159 152 151 155 152 165 149 148 164 161
  91  92  87  91  87  77  75  56  73  70  65  59  64  57  45  36  38  40  34  38  66  74  77  63  50  59  59  58  54  53  57  59  55  58  59  52  50  51  64  98  85  69  27  23  23  26  71  87  94 100 103 106 104  92  82  79 103  78  43  54  39  35  30  21  22  23  22  20  23  28  24  24  22  76  88  92  86  93  95  88 101 100 106 106  95  96  96  95 111  96  96 103 103 102 101 107  84  86 108 105 105 105 103 107 118 115 105 109 131 132 126 120 123 138 148 130 124 128 124 127 122 140 126 118 131 134 137 132 129 128 136 145 149 155 152 139 140 142 142 149 147 165 145 142 146 143 171 183 166 158 153 152 151 149 159 156 147 161 161 161
  94  88  85  86  71  80  71  67  84  69  64  67  61  55  42  41  30  30  29  30  57  64  59  67  55  57  58  55  56  44  42  48  50  47  47  47  48  50  62  84  74  49  13  24  20  36  65  75  87  80 101 104  98  94  91  95 103  56  64  71  35  32  26  22  22  24  21  21  23  28  28  26  15  41  91  99 103  78  80 115 100  79  96  92  90  99  94  99 107  96 101 103 102 104 103 102 104 104 105 105 106 106 109 116 116 116 117 114 118 142 133 135 144 138 130 129 113 119 129 125 132 138 123 128 129 132 134 134 129 130 141 150 156 149 146 141 139 146 143 141 161 162 168 161 141 170 187 183 149 146 150 157 155 156 165 147 160 158 160 160
  86  78  79  63  59  70  67  81  84  68  68  69  62  54  43  42  30  29  30  28  51  65  57  70  65  53  61  57  44  46  48  45  48  30  28  39  40  47  66  68  65  27  21  21  20  36  44  72  74  56  91  98  92 104 102 100  79  50  84  62  52  61  44  27  24  25  22  20  23  27  29  30  26  31  78  90 124 139 143 114 113 132 115 139 119  70 104 116  92 104 103 104 103 104 104 102 102 103 103 106 103 112 120 116 108 115 109 108 122 125 190 201 166 154 162 132 169 159  85 127 140 119 126 129 131 130 136 133 129 134 147 155 150 144 145 141 140 143 142 140 131 169 187 205 209 219 195 167 161 167 171 112 137 181 143 151 158 162 162 163
  77  71  61  38  57  73  80  87  75  67  68  69  59  55  48  35  39  38  37  37  37  55  64  65  61  49  49  38  38  52  51  51  48  40  30  27  37  53  50  60  46  13  22  21  22  25  35  68  57  43  81  82  88 101  97  90  75  77  81  50  65  83  66  29  27  22  22  21  22  29  26  33  31  23  60  53 134 212 190  89  84  90  92 118  88  45  78  89 103 102 103 103 103 102 103 103 103 100 105 106 112 120 112 111 113 107  93  72 113 182 219 228 188  99  98 100 133 108  43  78 105 128 127 130 131 131 134 132 129 139 149 153 147 145 144 140 139 141 135 110  92  93 193 250 252 204 117 120 109 145 121  50  78 125 160 156 155 162 161 160
  71  60  37  48  77  86  92  92  78  73  69  68  62  56  54  48  48  46  42  35  35  35  58  52  43  35  30  33  43  48  47  42  46  35  36  38  48  53  54  62  26  20  21  21  21  20  38  62  38  34  74  67  63  90 103  89  76  68  59  63  81  87  65  41  33  20  22  24  25  25  26  29  32  31  37  85 145 156 166  97  71  90  93  85  91  72  48  63 102 103 103 103 103 102 103 104 101 100 100 117 112 112 116 108 107  87  83 102 123 136 192 197 146 119 103 121 114  98  88  78  77 115 130 131 131 133 136 132 133 141 149 148 146 146 142 138 141 132  98  91  99 141 179 228 232 198 113 120 134 135 127 103  92  88 137 156 157 159 160 161
  54  34  32  69  90  92  97  87  86  85  74  70  65  66  58  62  65  57  49  46  44  40  37  21  44  35  34  30  42  49  26  43  35  19  18  20  20  22  42  36  20  21  21  21  22  17  40  53  22  30  70  57  44  86 101  88  66  50  34  71  73  78  59  36  43  27  19  25  24  28  32  27  32  31  32  90  51  30 100 116 115 150 153 115  86  95  78  59  99 104 101 103 102 101 104 103 100 104 106 107 108 104 114 112  97  82 102 106 106  93 129 131 120 148 176 154 146  92 107 105  56  94 130 127 130 131 133 130 141 151 146 145 146 146 143 138 142 127  87  98 145 143 130 112 193 192 175 187 194 173 125 117 127  75 109 159 158 159 161 163
  32  18  47  84  94  98  93  82  86  77  70  62  67  66  59  69  69  68  61  53  42  40  43  29  35  35  31  30  33  38  40  39  27  20  22  22  22  30  32  21  21  21  21  20  21  19  38  42  18  30  55  38  33  76  97  79  58  42  19  51  62  58  45  28  47  38  20  26  24  24  34  30  26  31  36  64  89  90  81 110 141 136 140 105  83  91  75  79 100 104 103 104 103 101 102 101 101 103 113 106 107 112 115 115 110  92  89  98  93 116  86  99 131 153 154 151 146 125  92  98  80 103 130 128 131 134 134 134 146 154 146 146 145 141 139 139 146 127 104 131 125 108 113 125 120 181 194 189 179 159 146 118 119 111 122 157 156 161 162 161
  24  24  64  96  99  90  84  84  78  77  70  69  69  43  60  76  69  67  66  55  39  46  41  30  27  33  28  32  37  28  43  31  20  21  21  21  28  33  27  21  21  21  21  21  21  20  32  29  18  28  42  29  20  36  79  73  48  25  23  35  39  33  33  25  22  24  22  23  23  22  32  29  24  32  19  80  64  68  88 107 122 139 122  93  91  90  73  63  99 102 103 103 104 102 102 100 105 108 107 104 104 112 115 109 104  91  90 113 111  82  89  99 114 141 157 148 131 112  88  87  67 106 128 127 138 137 131 138 147 149 146 146 145 142 139 137 147 142 111 122 136 145 109 119 121 147 177 173 180 147 114  90  97  77 128 158 158 159 160 167
  17  38  88 103  89  77  80  80  78  73  72  64  53  38  65  77  73  67  68  46  45  56  42  28  23  17  28  41  24  25  27  20  21  22  20  27  31  23  20  21  21  21  21  21  21  25  27  23  19  27  37  22  20  31  71  69  39  20  22  33  30  21  24  22  21  20  21  21  22  20  28  27  22  26  25  34  42  68  88  99 109 111 114  96  90  86  73  56  99 103  99 101 105 104 102 103 110 111 106 108 114 123 117 111  98  95 120 131  80  25  80 102 115 129 146 146 118  81  93  93  53 100 129 137 146 133 133 145 147 150 148 145 144 142 138 140 153 133 103 124 132 103  29 114 128 131 154 166 172 161  86 105 108  51 118 163 158 158 161 163
  46  88 100  78  63  73  72  72  66  60  55  37  27  37  68  71  71  72  54  35  53  45  30  20  21  21  23  27  23  22  22  21  21  21  21  23  22  21  21  21  21  21  21  21  21  25  23  21  20  25  27  20  21  29  67  58  25  22  20  25  26  19  21  21  21  21  21  21  21  20  31  29  20  25  20  44  58  65  92 107 109 105 106  91  86  89  61  61  98 100 102 103 104 103 100 105 107 105 103 106 119 120 112 112 105  97 109 119  85  69  75 102 111 125 144 126 102  77  96  97  59  99 145 138 128 135 132 150 148 147 146 146 140 138 141 141 146 129  93 106 140 114  66 114 125 133 146 164 153 148 150 137 117  73 121 160 159 164 162 172
  76  76  63  58  59  57  62  65  52  50  33  23  25  49  71  68  65  56  36  37  35  29  32  22  21  21  25  23  20  21  21  19  19  21  21  21  21  21  21  21  21  21  21  21  22  21  21  21  21  22  22  21  21  23  55  47  22  21  21  21  21  21  21  21  21  21  21  20  22  20  26  28  21  21  22  24  56  68  80 102 118 108  95  87  91  86  71  53  98 101 103 104 103 100 100 107 108 103 101 103 115 120 110 112 112  87  84 100  80  68  80  88 123 153 148 104  88 110  76  82  63 136 148 126 130 131 128 135 135 140 148 145 142 139 139 138 145 129  88  97 130 104  57 118 104 137 169 167 144 162 149  76 107  71 120 159 160 170 176 175
  50  50  52  48  53  55  55  43  37  24  20  20  30  51  56  57  42  29  31  25  28  44  44  21  21  21  21  21  21  21  21  21  21  21  21  21  21  21  21  21  21  21  21  21  21  21  20  21  21  21  21  21  21  25  44  35  21  21  21  21  21  21  21  21  21  21  20  21  20  20  21  23  21  21  23  25  18  65 105 110 101  94  94  89  88  90  86  50  99 100 104 104 100 102 102 109 111 102 102 102 120 121 110 111  99  80  84  92  80  30  70 125 147 129 116 101  84 120 110 119 100 102 128 130 130 128 132 131 132 141 146 145 144 139 139 139 139 122  90  97 118 100  23  88 143 178 146 134 143 101  89 108 109  48 115 159 158 171 175 169
  39  35  29  44  48  41  32  27  20  21  26  26  40  47  44  31  23  21  25  23  33  51  46  20  21  21  21  21  21  21  21  21  20  20  21  21  21  21  21  22  21  21  21  21  21  21  21  21  21  21  21  21  21  23  31  27  20  22  21  21  21  21  21  21  21  21  21  21  21  21  22  22  21  21  21  26  23  43  98 114 104  94  82  88  93  92  83  70 101 102 102 102 102 104 100 109 111 101 106 106 118 116 112 113 101  86  85  87  83  44  54 115 139 128 123  92  86  91 174 156  73 113 132 130 130 129 136 139 140 142 145 145 140 139 139 138 139 128  96  93 104 105  61  48 128 161 196 180 122 106  90 174 158  76 136 160 158 172 173 172
  18  20  23  22  21  21  19  20  21  22  20  31  37  30  24  20  20  22  24  24  20  31  32  20  21  21  21  21  21  21  21  21  21  21  21  21  21  21  21  22  22  21  21  21  22  21  21  21  21  21  21  21  21  20  25  23  21  21  21  21  21  21  21  21  22  21  21  21  21  20  20  21  21  21  22  14  44  52  39  70  76  57  52  63  61  75  78  91 101  98 102 102 103 105 103 113 107 100 107 107 120 120 106 112 113 104  89  83  89  92  66  28  78  99  76  51  56 119 101 110 140 125 126 128 129 129 130 132 139 140 144 145 140 138 139 139 140 141 132 105  90  95 109 103  21 122 165 152  85  80  90 101 130 142 155 151 166 175 165 160
  22  21  21  21  21  21  22  21  21  21  21  22  21  20  20  21  21  21  21  20  21  19  19  21  21  21  21  21  21  21  21  21  21  21  21  21  21  21  22  21  21  21  21  21  22  22  21  21  21  21  21  21  21  20  21  21  21  21  21  21  21  20  21  21  22  22  21  21  21  21  21  20  20  19  23  13  48  77  68  66  69  70  84  77  56  76 103  90  97 101 104 102 102 103 110 113 104 103 122 116 115 112 107 111 115 114 109  96  99 116  97  80  80  83  82 111 126 106  88 126 133 126 130 129 130 130 130 130 140 140 141 141 140 142 144 141 140 141 143 136 112 109 115 106 114 121  78 108 143 127 109 109 152 151 144 168 168 167 161 161
  21  21  21  21  21  21  21  21  21  21  21  21  21  21  21  21  21  21  21  21  21  21  21  21  21  21  21  21  21  21  21  21  21  21  21  21  21  21  21  21  21  21  21  21  21  21  21  21  21  21  21  21  21  21  21  21  21  21  21  21  21  21  21  21  21  21  21  21  21  21  21  21  21  20  24   1  64  96  92  95  93  99 100 107 103  96  97 105  91 101 102 103 103 106 108 103 107 114 115 108 106 104 108 115 113 113 116 112 129 113 120 122 126 123 133 138 129 124 130 125 130 129 130 130 130 133 130 129 134 140 141 143 144 145 145 144 141 138 138 142 141 149 136 144 154 140 149 148 155 157 158 157 149 164 150 151 172 164 160 163
  21  21  21  21  21  21  21  21  21  21  21  21  21  21  21  21  21  21  21  21  21  21  21  21  21  21  21  21  21  21  21  21  21  21  21  21  21  21  21  21  21  21  21  21  21  21  21  21  21  21  21  21  21  21  21  21  21  21  21  21  21  21  21  21  21  21  21  21  21  21  21  21  21  21  23  14  42  94  93  92  93  94  95 104  99  98  96  97 105  91  99 104 107 105 102 106 116 118 105 105 106 106 112 113 115 112 115 118 104 120 120 120 123 129 131 122 124 120 123 126 126 128 119 128 130 131 129 129 129 139 146 145 145 150 152 145 143 140 138 141 153 136 140 150 139 140 147 146 149 152 149 149 162 164 167 144 149 162 159 161
  21  21  21  21  21  21  21  21  21  21  21  21  21  21  21  21  21  21  21  21  21  21  21  21  21  21  21  21  21  21  21  21  21  21  21  21  21  21  21  21  21  21  21  21  21  21  21  21  21  21  21  21  21  21  21  21  21  21  21  21  21  21  21  21  21  21  21  21  21  21  21  21  21  21  22  20  24  88  94  93  93  93  93  95  99 100  96 101 102 102  91 101 103 102 112 111 111 108 106 106 105 105 110 113 109 111 122 110 115 121 120 120 126 125 120 123 123 122 125 127 125 126 131 110 129 131 130 130 127 141 148 146 153 157 156 153 149 144 141 153 141 137 139 140 140 139 143 147 149 150 150 160 161 149 153 156 149 158 162 162
  21  21  21  21  21  21  21  21  21  21  21  21  21  21  21  21  21  21  21  21  21  21  21  21  21  21  21  21  21  21  21  21  21  21  21  21  21  21  21  21  21  21  21  21  21  21  21  21  21  21  21  21  21  21  21  21  21  21  21  21  21  21  21  21  21  21  21  21  21  21  21  21  21  21  21  21  17  79  94  91  93  90  90 101 109 102  98 101 101 107 114  94 100 107 111 109 109 106 107 106 105 106 114 111 114 121 109 112 117 121 121 121 125 124 124 125 126 125 124 123 124 126 126 125 115 133 132 133 137 140 145 151 155 150 155 157 157 147 150 132 137 142 143 142 140 145 150 150 150 152 164 168 152 150 154 160 161 139 162 163
  21  21  21  21  21  21  21  21  21  21  21  21  21  21  21  21  21  21  21  21  21  21  21  21  21  21  21  21  21  21  21  21  21  21  21  21  21  21  21  21  21  21  21  21  21  21  21  21  21  21  21  21  21  21  21  21  21  21  21  21  21  21  21  21  21  21  21  21  21  21  21  21  21  21  21  22  13  78  95  90  93  93  92 102 108 102 103 101 104 102 106 103  92 103 105 106 106 105 104 106 105 106 113 112 116 108 105 119 120 119 118 123 126 123 122 123 121 126 126 125 125 126 124 135 129 128 136 135 135 147 147 143 139 144 148 145 141 147 139 129 144 149 149 147 150 153 160 164 168 173 173 161 151 150 155 155 162 154 152 164
  21  22  26  22  21  21  21  21  21  21  21  21  21  21  21  21  21  21  21  21  21  21  21  21  21  21  21  21  21  21  21  21  21  21  21  21  21  21  21  21  21  21  21  21  21  21  21  21  21  21  21  21  21  21  21  21  21  21  21  21  21  21  21  21  21  21  21  21  21  21  21  21  21  21  21  24   0  67  95  91  93  95  92 106 106  94  96  99 105 100  96 112 106  96 105 106 107 104 101 106 106 111 116 115  96 105 119 116 118 120 117 123 123 123 122 125 124 127 127 125 124 128 126 129 135 124 125 140 135 142 140 130 136 140 139 138 145 148 127 139 140 148 147 148 159 156 157 160 166 175 168 159 152 150 153 155 157 162 159 152
  22  20   0  18  22  21  21  21  21  21  21  21  21  21  21  21  21  21  21  21  21  21  21  21  21  21  21  21  21  21  21  21  21  21  21  21  21  21  21  21  21  21  21  21  21  21  21  21  21  21  21  21  21  21  21  21  21  21  21  21  21  21  21  21  21  21  21  21  21  21  21  21  21  21  21  24   1  66  96  91  94  94  92 103  98  93  93  99 103  97 101 101 110 106  96 106 103 102 101 104 107 113 108  90 103 115 111 118 117 117 121 124 120 120 122 124 122 124 122 124 126 125 125 130 129 139 133 124 136 133 131 129 134 138 136 146 149 129 149 141 138 143 150 157 155 149 150 152 156 160 158 154 152 149 148 154 158 158 171 173
  19  27  83  31  16  22  21  21  21  21  21  21  21  21  21  21  21  21  21  21  21  21  21  21  21  21  21  21  21  21  21  21  21  21  21  21  21  21  21  21  21  21  21  21  21  21  21  21  21  21  21  21  21  21  21  21  21  21  21  21  21  21  21  21  21  21  21  21  21  21  21  21  21  21  21  25   0  68  97  91  92  98  94  95  95  96  99 105 100  99 102 104 100 115 102  97 106 103 102 111 105 114 104  99 116 113 114 114 118 119 120 123 120 126 124 124 124 129 125 126 126 124 129 129 129 133 140 125 132 135 133 130 133 139 142 147 125 140 144 143 147 151 153 146 145 150 150 150 150 150 154 155 150 151 152 155 159 160 159 167
